double iP1dB = {
61.3,
61.2,
61.1,
61.0,
60.8,
60.6,
60.4,
60.2,
59.9,
59.5,
59.1,
58.7,
58.2,
57.6,
57.0,
56.3,
56.2,
56.3,
56.2,
56.2,
56.3,
56.2,
56.2,
56.2,
56.1,
56.1,
56.1,
56.0,
56.0,
55.9,
55.8,
40.3,
40.3,
40.3,
40.3,
40.3,
40.2,
40.2,
40.2,
40.2,
40.2,
40.1,
40.1,
40.0,
40.0,
39.9,
39.8,
24.3,
24.3,
24.2,
24.3,
24.2,
24.2,
24.2,
24.2,
24.2,
24.1,
24.1,
24.1,
24.0,
24.0,
23.9,
23.8,
8.3,
8.3,
8.3,
8.3,
8.2,
8.3,
8.2,
8.2,
8.2,
8.1,
8.2,
8.0,
8.0,
8.0,
7.9,
7.8,
-13.9,
-13.8,
-13.9,
-13.9,
-13.9,
-13.8,
-13.9,
-13.9,
-13.9,
-13.9,
-13.9,
-13.9,
-13.9,
-13.9,
-13.9,
-13.9,
-14.0,
-14.0,
-14.1,
-14.2,
-14.4,
-14.6,
-14.8,
-15.0,
-15.3,
-15.6,
-16.0,
-16.5,
-17.0,
-17.5,
-18.2,
-19.0,
-19.9,
-20.7,
-21.7,
-22.6,
-23.5,
-24.4,
-25.4,
-26.4,
-27.3,
-28.3,
-29.3,
-30.3,
-31.3,
-32.3
};
